file dobivena_pravila.txt
all 2 5 6 8 9 11 13 14 16 18 19 22 25 26 28 30 31 32 33 35 38 39 41 44 47 50 52 54 55 56 58 61 63 65 66 68 70 71 79 83 84 85 89 90 91 92 93 97 99 103 105 107 108 110 114 2 5 6 8 9 11 13 14 16 18 19 22 25 26 28 30 31 32 33 35 38 39 41 44 47 50 52 54 55 56 58 61 63 65 66 68 70 71 79 83 84 85 89 90 91 92 93 97 99 103 105 107 108 110 114
Samo prvi red se gleda.

JAKO VAŽNO: Gleda se po definicijama u:
../description-dataset-train.txt !!!

Format zapisa:

(53=38+15) 1 3 4 8 10 14 15 16 18 24 26 28 33 35 37 41 42 43 44 53 60 66 72 74 75 76 78 79 81 89 91 95 97 101 103 110 111 116 120 143 152 157 164 185 204 216 233 236 242 256 273 274 292
- za kategoriziranje

ili

all 1 23 53
- za sve

ili

file name.txt
- za inplace prepisivanje datoteke